 0  1 00000000 00000000 00000000 00000001 00000000 00000000
 1  1 00000000 00000000 00000000 00000001 00000000 00000000
 2  1 00000000 00000000 00000000 00000001 00000000 00000000
 3  1 00000000 00000000 00000000 00000001 00000000 00000000
 4  1 00000000 00000000 00000000 00000001 00000000 00000000
 5  1 00000000 00000000 00000000 00000001 00000000 00000000
 6  1 00000000 00000000 00000000 00000001 00000000 00000000
 7  1 00000000 00000000 00000000 00000001 00000000 00000000
 8  1 00000000 00000000 00000000 00000001 00000000 00000000
 9  1 00000000 00000000 00000000 00000001 00000000 00000000
10  1 00000000 00000000 00000000 00000001 00000000 00000000
 0  1 00000001 00000000 00000000 00000011 00000000 00000000
 1  1 00000001 00000000 00000000 00000011 00000000 00000000
 2  1 00000001 00000000 00000000 00000011 00000000 00000000
 3  1 00000001 00000000 00000000 00000011 00000000 00000000
 4  1 00000001 00000000 00000000 00000011 00000000 00000000
 5  1 00000001 00000000 00000000 00000011 00000000 00000000
 6  1 00000001 00000000 00000000 00000011 00000000 00000000
 7  1 00000001 00000000 00000000 00000011 00000000 00000000
 8  1 00000001 00000000 00000000 00000011 00000000 00000000
 9  1 00000001 00000000 00000000 00000011 00000000 00000000
10  1 00000001 00000000 00000000 00000011 00000000 00000000
 0  1 00000011 00000000 00000000 00000111 00000000 00000000
 1  1 00000011 00000000 00000000 00000111 00000000 00000000
 2  1 00000011 00000000 00000000 00000111 00000000 00000000
 3  1 00000011 00000000 00000000 00000111 00000000 00000000
 4  1 00000011 00000000 00000000 00000111 00000000 00000000
 5  1 00000011 00000000 00000000 00000111 00000000 00000000
 6  1 00000011 00000000 00000000 00000111 00000000 00000000
 7  1 00000011 00000000 00000000 00000111 00000000 00000000
 8  1 00000011 00000000 00000000 00000111 00000000 00000000
 9  1 00000011 00000000 00000000 00000111 00000000 00000000
10  1 00000011 00000000 00000000 00000111 00000000 00000000
 0  1 00000111 00000000 00000000 00001111 00000000 00000000
 1  1 00000111 00000000 00000000 00001111 00000000 00000000
 2  1 00000111 00000000 00000000 00001111 00000000 00000000
 3  1 00000111 00000000 00000000 00001111 00000000 00000000
 4  1 00000111 00000000 00000000 00001111 00000000 00000000
 5  1 00000111 00000000 00000000 00001111 00000000 00000000
 6  1 00000111 00000000 00000000 00001111 00000000 00000000
 7  1 00000111 00000000 00000000 00001111 00000000 00000000
 8  1 00000111 00000000 00000000 00001111 00000000 00000000
 9  1 00000111 00000000 00000000 00001111 00000000 00000000
10  1 00000111 00000000 00000000 00001111 00000000 00000000
 0  1 00001111 00000000 00000000 00011111 00000000 00000000
 1  1 00001111 00000000 00000000 00011111 00000000 00000000
 2  1 00001111 00000000 00000000 00011111 00000000 00000000
 3  1 00001111 00000000 00000000 00011111 00000000 00000000
 4  1 00001111 00000000 00000000 00011111 00000000 00000000
 5  1 00001111 00000000 00000000 00011111 00000000 00000000
 6  1 00001111 00000000 00000000 00011111 00000000 00000000
 7  1 00001111 00000000 00000000 00011111 00000000 00000000
 8  1 00001111 00000000 00000000 00011111 00000000 00000000
 9  1 00001111 00000000 00000000 00011111 00000000 00000000
10  1 00001111 00000000 00000000 00011111 00000000 00000000
 0  1 00011111 00000000 00000000 00111111 00000000 00000000
 1  1 00011111 00000000 00000000 00111111 00000000 00000000
 2  1 00011111 00000000 00000000 00111111 00000000 00000000
 3  1 00011111 00000000 00000000 00111111 00000000 00000000
 4  1 00011111 00000000 00000000 00111111 00000000 00000000
 5  1 00011111 00000000 00000000 00111111 00000000 00000000
 6  1 00011111 00000000 00000000 00111111 00000000 00000000
 7  1 00011111 00000000 00000000 00111111 00000000 00000000
 8  1 00011111 00000000 00000000 00111111 00000000 00000000
 9  1 00011111 00000000 00000000 00111111 00000000 00000000
10  1 00011111 00000000 00000000 00111111 00000000 00000000
 0  1 00111111 00000000 00000000 01111111 00000000 00000000
 1  1 00111111 00000000 00000000 01111111 00000000 00000000
 2  1 00111111 00000000 00000000 01111111 00000000 00000000
 3  1 00111111 00000000 00000000 01111111 00000000 00000000
 4  1 00111111 00000000 00000000 01111111 00000000 00000000
 5  1 00111111 00000000 00000000 01111111 00000000 00000000
 6  1 00111111 00000000 00000000 01111111 00000000 00000000
 7  1 00111111 00000000 00000000 01111111 00000000 00000000
 8  1 00111111 00000000 00000000 01111111 00000000 00000000
 9  1 00111111 00000000 00000000 01111111 00000000 00000000
10  1 00111111 00000000 00000000 01111111 00000000 00000000
 0  1 01111111 00000000 00000000 11111111 00000000 00000000
 1  1 01111111 00000000 00000000 11111111 00000000 00000000
 2  1 01111111 00000000 00000000 11111111 00000000 00000000
 3  1 01111111 00000000 00000000 11111111 00000000 00000000
 4  1 01111111 00000000 00000000 11111111 00000000 00000000
 5  1 01111111 00000000 00000000 11111111 00000000 00000000
 6  1 01111111 00000000 00000000 11111111 00000000 00000000
 7  1 01111111 00000000 00000000 11111111 00000000 00000000
 8  1 01111111 00000000 00000000 11111111 00000000 00000000
 9  1 01111111 00000000 00000000 11111111 00000000 00000000
10  1 01111111 00000000 00000000 11111111 00000000 00000000
 0  1 11111111 00000000 00000000 11111111 00000001 00000000
 1  1 11111111 00000000 00000000 11111111 00000001 00000000
 2  1 11111111 00000000 00000000 11111111 00000001 00000000
 3  1 11111111 00000000 00000000 11111111 00000001 00000000
 4  1 11111111 00000000 00000000 11111111 00000001 00000000
 5  1 11111111 00000000 00000000 11111111 00000001 00000000
 6  1 11111111 00000000 00000000 11111111 00000001 00000000
 7  1 11111111 00000000 00000000 11111111 00000001 00000000
 8  1 11111111 00000000 00000000 11111111 00000001 00000000
 9  1 11111111 00000000 00000000 11111111 00000001 00000000
10  1 11111111 00000000 00000000 11111111 00000001 00000000
 0  1 11111111 00000001 00000000 11111111 00000011 00000000
 1  1 11111111 00000001 00000000 11111111 00000011 00000000
 2  1 11111111 00000001 00000000 11111111 00000011 00000000
 3  1 11111111 00000001 00000000 11111111 00000011 00000000
 4  1 11111111 00000001 00000000 11111111 00000011 00000000
 5  1 11111111 00000001 00000000 11111111 00000011 00000000
 6  1 11111111 00000001 00000000 11111111 00000011 00000000
 7  1 11111111 00000001 00000000 11111111 00000011 00000000
 8  1 11111111 00000001 00000000 11111111 00000011 00000000
 9  1 11111111 00000001 00000000 11111111 00000011 00000000
10  1 11111111 00000001 00000000 11111111 00000011 00000000
 0  1 11111111 00000011 00000000 11111111 00000111 00000000
 1  1 11111111 00000011 00000000 11111111 00000111 00000000
 2  1 11111111 00000011 00000000 11111111 00000111 00000000
 3  1 11111111 00000011 00000000 11111111 00000111 00000000
 4  1 11111111 00000011 00000000 11111111 00000111 00000000
 5  1 11111111 00000011 00000000 11111111 00000111 00000000
 6  1 11111111 00000011 00000000 11111111 00000111 00000000
 7  1 11111111 00000011 00000000 11111111 00000111 00000000
 8  1 11111111 00000011 00000000 11111111 00000111 00000000
 9  1 11111111 00000011 00000000 11111111 00000111 00000000
10  1 11111111 00000011 00000000 11111111 00000111 00000000
 0  1 11111111 00000111 00000000 11111111 00001111 00000000
 1  1 11111111 00000111 00000000 11111111 00001111 00000000
 2  1 11111111 00000111 00000000 11111111 00001111 00000000
 3  1 11111111 00000111 00000000 11111111 00001111 00000000
 4  1 11111111 00000111 00000000 11111111 00001111 00000000
 5  1 11111111 00000111 00000000 11111111 00001111 00000000
 6  1 11111111 00000111 00000000 11111111 00001111 00000000
 7  1 11111111 00000111 00000000 11111111 00001111 00000000
 8  1 11111111 00000111 00000000 11111111 00001111 00000000
 9  1 11111111 00000111 00000000 11111111 00001111 00000000
10  1 11111111 00000111 00000000 11111111 00001111 00000000
 0  1 11111111 00001111 00000000 11111111 00011111 00000000
 1  1 11111111 00001111 00000000 11111111 00011111 00000000
 2  1 11111111 00001111 00000000 11111111 00011111 00000000
 3  1 11111111 00001111 00000000 11111111 00011111 00000000
 4  1 11111111 00001111 00000000 11111111 00011111 00000000
 5  1 11111111 00001111 00000000 11111111 00011111 00000000
 6  1 11111111 00001111 00000000 11111111 00011111 00000000
 7  1 11111111 00001111 00000000 11111111 00011111 00000000
 8  1 11111111 00001111 00000000 11111111 00011111 00000000
 9  1 11111111 00001111 00000000 11111111 00011111 00000000
10  1 11111111 00001111 00000000 11111111 00011111 00000000
 0  1 11111111 00011111 00000000 11111111 00111111 00000000
 1  1 11111111 00011111 00000000 11111111 00111111 00000000
 2  1 11111111 00011111 00000000 11111111 00111111 00000000
 3  1 11111111 00011111 00000000 11111111 00111111 00000000
 4  1 11111111 00011111 00000000 11111111 00111111 00000000
 5  1 11111111 00011111 00000000 11111111 00111111 00000000
 6  1 11111111 00011111 00000000 11111111 00111111 00000000
 7  1 11111111 00011111 00000000 11111111 00111111 00000000
 8  1 11111111 00011111 00000000 11111111 00111111 00000000
 9  1 11111111 00011111 00000000 11111111 00111111 00000000
10  1 11111111 00011111 00000000 11111111 00111111 00000000
 0  1 11111111 00111111 00000000 11111111 01111111 00000000
 1  1 11111111 00111111 00000000 11111111 01111111 00000000
 2  1 11111111 00111111 00000000 11111111 01111111 00000000
 3  1 11111111 00111111 00000000 11111111 01111111 00000000
 4  1 11111111 00111111 00000000 11111111 01111111 00000000
 5  1 11111111 00111111 00000000 11111111 01111111 00000000
 6  1 11111111 00111111 00000000 11111111 01111111 00000000
 7  1 11111111 00111111 00000000 11111111 01111111 00000000
 8  1 11111111 00111111 00000000 11111111 01111111 00000000
 9  1 11111111 00111111 00000000 11111111 01111111 00000000
10  1 11111111 00111111 00000000 11111111 01111111 00000000
 0  1 11111111 01111111 00000000 11111111 11111111 00000000
 1  1 11111111 01111111 00000000 11111111 11111111 00000000
 2  1 11111111 01111111 00000000 11111111 11111111 00000000
 3  1 11111111 01111111 00000000 11111111 11111111 00000000
 4  1 11111111 01111111 00000000 11111111 11111111 00000000
 5  1 11111111 01111111 00000000 11111111 11111111 00000000
 6  1 11111111 01111111 00000000 11111111 11111111 00000000
 7  1 11111111 01111111 00000000 11111111 11111111 00000000
 8  1 11111111 01111111 00000000 11111111 11111111 00000000
 9  1 11111111 01111111 00000000 11111111 11111111 00000000
10  1 11111111 01111111 00000000 11111111 11111111 00000000
 0  1 11111111 11111111 00000000 11111111 11111111 00000001
 1  1 11111111 11111111 00000000 11111111 11111111 00000001
 2  1 11111111 11111111 00000000 11111111 11111111 00000001
 3  1 11111111 11111111 00000000 11111111 11111111 00000001
 4  1 11111111 11111111 00000000 11111111 11111111 00000001
 5  1 11111111 11111111 00000000 11111111 11111111 00000001
 6  1 11111111 11111111 00000000 11111111 11111111 00000001
 7  1 11111111 11111111 00000000 11111111 11111111 00000001
 8  1 11111111 11111111 00000000 11111111 11111111 00000001
 9  1 11111111 11111111 00000000 11111111 11111111 00000001
10  1 11111111 11111111 00000000 11111111 11111111 00000001
 0  1 11111111 11111111 00000001 11111111 11111111 00000011
 1  1 11111111 11111111 00000001 11111111 11111111 00000011
 2  1 11111111 11111111 00000001 11111111 11111111 00000011
 3  1 11111111 11111111 00000001 11111111 11111111 00000011
 4  1 11111111 11111111 00000001 11111111 11111111 00000011
 5  1 11111111 11111111 00000001 11111111 11111111 00000011
 6  1 11111111 11111111 00000001 11111111 11111111 00000011
 7  1 11111111 11111111 00000001 11111111 11111111 00000011
 8  1 11111111 11111111 00000001 11111111 11111111 00000011
 9  1 11111111 11111111 00000001 11111111 11111111 00000011
10  1 11111111 11111111 00000001 11111111 11111111 00000011
 0  1 11111111 11111111 00000011 11111111 11111111 00000111
 1  1 11111111 11111111 00000011 11111111 11111111 00000111
 2  1 11111111 11111111 00000011 11111111 11111111 00000111
 3  1 11111111 11111111 00000011 11111111 11111111 00000111
 4  1 11111111 11111111 00000011 11111111 11111111 00000111
 5  1 11111111 11111111 00000011 11111111 11111111 00000111
 6  1 11111111 11111111 00000011 11111111 11111111 00000111
 7  1 11111111 11111111 00000011 11111111 11111111 00000111
 8  1 11111111 11111111 00000011 11111111 11111111 00000111
 9  1 11111111 11111111 00000011 11111111 11111111 00000111
10  1 11111111 11111111 00000011 11111111 11111111 00000111
 0  1 11111111 11111111 00000111 11111111 11111111 00001111
 1  1 11111111 11111111 00000111 11111111 11111111 00001111
 2  1 11111111 11111111 00000111 11111111 11111111 00001111
 3  1 11111111 11111111 00000111 11111111 11111111 00001111
 4  1 11111111 11111111 00000111 11111111 11111111 00001111
 5  1 11111111 11111111 00000111 11111111 11111111 00001111
 6  1 11111111 11111111 00000111 11111111 11111111 00001111
 7  1 11111111 11111111 00000111 11111111 11111111 00001111
 8  1 11111111 11111111 00000111 11111111 11111111 00001111
 9  1 11111111 11111111 00000111 11111111 11111111 00001111
10  1 11111111 11111111 00000111 11111111 11111111 00001111
 0  1 11111111 11111111 00001111 11111111 11111111 00011111
 1  1 11111111 11111111 00001111 11111111 11111111 00011111
 2  1 11111111 11111111 00001111 11111111 11111111 00011111
 3  1 11111111 11111111 00001111 11111111 11111111 00011111
 4  1 11111111 11111111 00001111 11111111 11111111 00011111
 5  1 11111111 11111111 00001111 11111111 11111111 00011111
 6  1 11111111 11111111 00001111 11111111 11111111 00011111
 7  1 11111111 11111111 00001111 11111111 11111111 00011111
 8  1 11111111 11111111 00001111 11111111 11111111 00011111
 9  1 11111111 11111111 00001111 11111111 11111111 00011111
10  1 11111111 11111111 00001111 11111111 11111111 00011111
 0  1 11111111 11111111 00011111 11111111 11111111 00111111
 1  1 11111111 11111111 00011111 11111111 11111111 00111111
 2  1 11111111 11111111 00011111 11111111 11111111 00111111
 3  1 11111111 11111111 00011111 11111111 11111111 00111111
 4  1 11111111 11111111 00011111 11111111 11111111 00111111
 5  1 11111111 11111111 00011111 11111111 11111111 00111111
 6  1 11111111 11111111 00011111 11111111 11111111 00111111
 7  1 11111111 11111111 00011111 11111111 11111111 00111111
 8  1 11111111 11111111 00011111 11111111 11111111 00111111
 9  1 11111111 11111111 00011111 11111111 11111111 00111111
10  1 11111111 11111111 00011111 11111111 11111111 00111111
 0  1 11111111 11111111 00111111 11111111 11111111 01111111
 1  1 11111111 11111111 00111111 11111111 11111111 01111111
 2  1 11111111 11111111 00111111 11111111 11111111 01111111
 3  1 11111111 11111111 00111111 11111111 11111111 01111111
 4  1 11111111 11111111 00111111 11111111 11111111 01111111
 5  1 11111111 11111111 00111111 11111111 11111111 01111111
 6  1 11111111 11111111 00111111 11111111 11111111 01111111
 7  1 11111111 11111111 00111111 11111111 11111111 01111111
 8  1 11111111 11111111 00111111 11111111 11111111 01111111
 9  1 11111111 11111111 00111111 11111111 11111111 01111111
10  1 11111111 11111111 00111111 11111111 11111111 01111111
 0  1 11111111 11111111 01111111 11111111 11111111 11111111
 1  1 11111111 11111111 01111111 11111111 11111111 11111111
 2  1 11111111 11111111 01111111 11111111 11111111 11111111
 3  1 11111111 11111111 01111111 11111111 11111111 11111111
 4  1 11111111 11111111 01111111 11111111 11111111 11111111
 5  1 11111111 11111111 01111111 11111111 11111111 11111111
 6  1 11111111 11111111 01111111 11111111 11111111 11111111
 7  1 11111111 11111111 01111111 11111111 11111111 11111111
 8  1 11111111 11111111 01111111 11111111 11111111 11111111
 9  1 11111111 11111111 01111111 11111111 11111111 11111111
10  1 11111111 11111111 01111111 11111111 11111111 11111111
 0  1 11111111 11111111 11111111 11111111 11111111 11111111
 1  1 11111111 11111111 11111111 11111111 11111111 11111111
 2  1 11111111 11111111 11111111 11111111 11111111 11111111
 3  1 11111111 11111111 11111111 11111111 11111111 11111111
 4  1 11111111 11111111 11111111 11111111 11111111 11111111
 5  1 11111111 11111111 11111111 11111111 11111111 11111111
 6  1 11111111 11111111 11111111 11111111 11111111 11111111
 7  1 11111111 11111111 11111111 11111111 11111111 11111111
 8  1 11111111 11111111 11111111 11111111 11111111 11111111
 9  1 11111111 11111111 11111111 11111111 11111111 11111111
10  1 11111111 11111111 11111111 11111111 11111111 11111111
10  0 11111110 11111111 11111111 11111111 11111111 11111111
 9  0 11111110 11111111 11111111 11111111 11111111 11111111
 8  0 11111110 11111111 11111111 11111111 11111111 11111111
 7  0 11111110 11111111 11111111 11111111 11111111 11111111
 6  0 11111110 11111111 11111111 11111111 11111111 11111111
 5  0 11111110 11111111 11111111 11111111 11111111 11111111
 4  0 11111110 11111111 11111111 11111111 11111111 11111111
 3  0 11111110 11111111 11111111 11111111 11111111 11111111
 2  0 11111110 11111111 11111111 11111111 11111111 11111111
 1  0 11111110 11111111 11111111 11111111 11111111 11111111
 0  0 11111110 11111111 11111111 11111111 11111111 11111111
10  0 11111100 11111111 11111111 11111110 11111111 11111111
 9  0 11111100 11111111 11111111 11111110 11111111 11111111
 8  0 11111100 11111111 11111111 11111110 11111111 11111111
 7  0 11111100 11111111 11111111 11111110 11111111 11111111
 6  0 11111100 11111111 11111111 11111110 11111111 11111111
 5  0 11111100 11111111 11111111 11111110 11111111 11111111
 4  0 11111100 11111111 11111111 11111110 11111111 11111111
 3  0 11111100 11111111 11111111 11111110 11111111 11111111
 2  0 11111100 11111111 11111111 11111110 11111111 11111111
 1  0 11111100 11111111 11111111 11111110 11111111 11111111
 0  0 11111100 11111111 11111111 11111110 11111111 11111111
10  0 11111000 11111111 11111111 11111100 11111111 11111111
 9  0 11111000 11111111 11111111 11111100 11111111 11111111
 8  0 11111000 11111111 11111111 11111100 11111111 11111111
 7  0 11111000 11111111 11111111 11111100 11111111 11111111
 6  0 11111000 11111111 11111111 11111100 11111111 11111111
 5  0 11111000 11111111 11111111 11111100 11111111 11111111
 4  0 11111000 11111111 11111111 11111100 11111111 11111111
 3  0 11111000 11111111 11111111 11111100 11111111 11111111
 2  0 11111000 11111111 11111111 11111100 11111111 11111111
 1  0 11111000 11111111 11111111 11111100 11111111 11111111
 0  0 11111000 11111111 11111111 11111100 11111111 11111111
10  0 11110000 11111111 11111111 11111000 11111111 11111111
 9  0 11110000 11111111 11111111 11111000 11111111 11111111
 8  0 11110000 11111111 11111111 11111000 11111111 11111111
 7  0 11110000 11111111 11111111 11111000 11111111 11111111
 6  0 11110000 11111111 11111111 11111000 11111111 11111111
 5  0 11110000 11111111 11111111 11111000 11111111 11111111
 4  0 11110000 11111111 11111111 11111000 11111111 11111111
 3  0 11110000 11111111 11111111 11111000 11111111 11111111
 2  0 11110000 11111111 11111111 11111000 11111111 11111111
 1  0 11110000 11111111 11111111 11111000 11111111 11111111
 0  0 11110000 11111111 11111111 11111000 11111111 11111111
10  0 11100000 11111111 11111111 11110000 11111111 11111111
 9  0 11100000 11111111 11111111 11110000 11111111 11111111
 8  0 11100000 11111111 11111111 11110000 11111111 11111111
 7  0 11100000 11111111 11111111 11110000 11111111 11111111
 6  0 11100000 11111111 11111111 11110000 11111111 11111111
 5  0 11100000 11111111 11111111 11110000 11111111 11111111
 4  0 11100000 11111111 11111111 11110000 11111111 11111111
 3  0 11100000 11111111 11111111 11110000 11111111 11111111
 2  0 11100000 11111111 11111111 11110000 11111111 11111111
 1  0 11100000 11111111 11111111 11110000 11111111 11111111
 0  0 11100000 11111111 11111111 11110000 11111111 11111111
10  0 11000000 11111111 11111111 11100000 11111111 11111111
 9  0 11000000 11111111 11111111 11100000 11111111 11111111
 8  0 11000000 11111111 11111111 11100000 11111111 11111111
 7  0 11000000 11111111 11111111 11100000 11111111 11111111
 6  0 11000000 11111111 11111111 11100000 11111111 11111111
 5  0 11000000 11111111 11111111 11100000 11111111 11111111
 4  0 11000000 11111111 11111111 11100000 11111111 11111111
 3  0 11000000 11111111 11111111 11100000 11111111 11111111
 2  0 11000000 11111111 11111111 11100000 11111111 11111111
 1  0 11000000 11111111 11111111 11100000 11111111 11111111
 0  0 11000000 11111111 11111111 11100000 11111111 11111111
10  0 10000000 11111111 11111111 11000000 11111111 11111111
 9  0 10000000 11111111 11111111 11000000 11111111 11111111
 8  0 10000000 11111111 11111111 11000000 11111111 11111111
 7  0 10000000 11111111 11111111 11000000 11111111 11111111
 6  0 10000000 11111111 11111111 11000000 11111111 11111111
 5  0 10000000 11111111 11111111 11000000 11111111 11111111
 4  0 10000000 11111111 11111111 11000000 11111111 11111111
 3  0 10000000 11111111 11111111 11000000 11111111 11111111
 2  0 10000000 11111111 11111111 11000000 11111111 11111111
 1  0 10000000 11111111 11111111 11000000 11111111 11111111
 0  0 10000000 11111111 11111111 11000000 11111111 11111111
10  0 00000000 11111111 11111111 10000000 11111111 11111111
 9  0 00000000 11111111 11111111 10000000 11111111 11111111
 8  0 00000000 11111111 11111111 10000000 11111111 11111111
 7  0 00000000 11111111 11111111 10000000 11111111 11111111
 6  0 00000000 11111111 11111111 10000000 11111111 11111111
 5  0 00000000 11111111 11111111 10000000 11111111 11111111
 4  0 00000000 11111111 11111111 10000000 11111111 11111111
 3  0 00000000 11111111 11111111 10000000 11111111 11111111
 2  0 00000000 11111111 11111111 10000000 11111111 11111111
 1  0 00000000 11111111 11111111 10000000 11111111 11111111
 0  0 00000000 11111111 11111111 10000000 11111111 11111111
10  0 00000000 11111110 11111111 00000000 11111111 11111111
 9  0 00000000 11111110 11111111 00000000 11111111 11111111
 8  0 00000000 11111110 11111111 00000000 11111111 11111111
 7  0 00000000 11111110 11111111 00000000 11111111 11111111
 6  0 00000000 11111110 11111111 00000000 11111111 11111111
 5  0 00000000 11111110 11111111 00000000 11111111 11111111
 4  0 00000000 11111110 11111111 00000000 11111111 11111111
 3  0 00000000 11111110 11111111 00000000 11111111 11111111
 2  0 00000000 11111110 11111111 00000000 11111111 11111111
 1  0 00000000 11111110 11111111 00000000 11111111 11111111
 0  0 00000000 11111110 11111111 00000000 11111111 11111111
10  0 00000000 11111100 11111111 00000000 11111110 11111111
 9  0 00000000 11111100 11111111 00000000 11111110 11111111
 8  0 00000000 11111100 11111111 00000000 11111110 11111111
 7  0 00000000 11111100 11111111 00000000 11111110 11111111
 6  0 00000000 11111100 11111111 00000000 11111110 11111111
 5  0 00000000 11111100 11111111 00000000 11111110 11111111
 4  0 00000000 11111100 11111111 00000000 11111110 11111111
 3  0 00000000 11111100 11111111 00000000 11111110 11111111
 2  0 00000000 11111100 11111111 00000000 11111110 11111111
 1  0 00000000 11111100 11111111 00000000 11111110 11111111
 0  0 00000000 11111100 11111111 00000000 11111110 11111111
10  0 00000000 11111000 11111111 00000000 11111100 11111111
 9  0 00000000 11111000 11111111 00000000 11111100 11111111
 8  0 00000000 11111000 11111111 00000000 11111100 11111111
 7  0 00000000 11111000 11111111 00000000 11111100 11111111
 6  0 00000000 11111000 11111111 00000000 11111100 11111111
 5  0 00000000 11111000 11111111 00000000 11111100 11111111
 4  0 00000000 11111000 11111111 00000000 11111100 11111111
 3  0 00000000 11111000 11111111 00000000 11111100 11111111
 2  0 00000000 11111000 11111111 00000000 11111100 11111111
 1  0 00000000 11111000 11111111 00000000 11111100 11111111
 0  0 00000000 11111000 11111111 00000000 11111100 11111111
10  0 00000000 11110000 11111111 00000000 11111000 11111111
 9  0 00000000 11110000 11111111 00000000 11111000 11111111
 8  0 00000000 11110000 11111111 00000000 11111000 11111111
 7  0 00000000 11110000 11111111 00000000 11111000 11111111
 6  0 00000000 11110000 11111111 00000000 11111000 11111111
 5  0 00000000 11110000 11111111 00000000 11111000 11111111
 4  0 00000000 11110000 11111111 00000000 11111000 11111111
 3  0 00000000 11110000 11111111 00000000 11111000 11111111
 2  0 00000000 11110000 11111111 00000000 11111000 11111111
 1  0 00000000 11110000 11111111 00000000 11111000 11111111
 0  0 00000000 11110000 11111111 00000000 11111000 11111111
10  0 00000000 11100000 11111111 00000000 11110000 11111111
 9  0 00000000 11100000 11111111 00000000 11110000 11111111
 8  0 00000000 11100000 11111111 00000000 11110000 11111111
 7  0 00000000 11100000 11111111 00000000 11110000 11111111
 6  0 00000000 11100000 11111111 00000000 11110000 11111111
 5  0 00000000 11100000 11111111 00000000 11110000 11111111
 4  0 00000000 11100000 11111111 00000000 11110000 11111111
 3  0 00000000 11100000 11111111 00000000 11110000 11111111
 2  0 00000000 11100000 11111111 00000000 11110000 11111111
 1  0 00000000 11100000 11111111 00000000 11110000 11111111
 0  0 00000000 11100000 11111111 00000000 11110000 11111111
10  0 00000000 11000000 11111111 00000000 11100000 11111111
 9  0 00000000 11000000 11111111 00000000 11100000 11111111
 8  0 00000000 11000000 11111111 00000000 11100000 11111111
 7  0 00000000 11000000 11111111 00000000 11100000 11111111
 6  0 00000000 11000000 11111111 00000000 11100000 11111111
 5  0 00000000 11000000 11111111 00000000 11100000 11111111
 4  0 00000000 11000000 11111111 00000000 11100000 11111111
 3  0 00000000 11000000 11111111 00000000 11100000 11111111
 2  0 00000000 11000000 11111111 00000000 11100000 11111111
 1  0 00000000 11000000 11111111 00000000 11100000 11111111
 0  0 00000000 11000000 11111111 00000000 11100000 11111111
10  0 00000000 10000000 11111111 00000000 11000000 11111111
 9  0 00000000 10000000 11111111 00000000 11000000 11111111
 8  0 00000000 10000000 11111111 00000000 11000000 11111111
 7  0 00000000 10000000 11111111 00000000 11000000 11111111
 6  0 00000000 10000000 11111111 00000000 11000000 11111111
 5  0 00000000 10000000 11111111 00000000 11000000 11111111
 4  0 00000000 10000000 11111111 00000000 11000000 11111111
 3  0 00000000 10000000 11111111 00000000 11000000 11111111
 2  0 00000000 10000000 11111111 00000000 11000000 11111111
 1  0 00000000 10000000 11111111 00000000 11000000 11111111
 0  0 00000000 10000000 11111111 00000000 11000000 11111111
10  0 00000000 00000000 11111111 00000000 10000000 11111111
 9  0 00000000 00000000 11111111 00000000 10000000 11111111
 8  0 00000000 00000000 11111111 00000000 10000000 11111111
 7  0 00000000 00000000 11111111 00000000 10000000 11111111
 6  0 00000000 00000000 11111111 00000000 10000000 11111111
 5  0 00000000 00000000 11111111 00000000 10000000 11111111
 4  0 00000000 00000000 11111111 00000000 10000000 11111111
 3  0 00000000 00000000 11111111 00000000 10000000 11111111
 2  0 00000000 00000000 11111111 00000000 10000000 11111111
 1  0 00000000 00000000 11111111 00000000 10000000 11111111
 0  0 00000000 00000000 11111111 00000000 10000000 11111111
10  0 00000000 00000000 11111110 00000000 00000000 11111111
 9  0 00000000 00000000 11111110 00000000 00000000 11111111
 8  0 00000000 00000000 11111110 00000000 00000000 11111111
 7  0 00000000 00000000 11111110 00000000 00000000 11111111
 6  0 00000000 00000000 11111110 00000000 00000000 11111111
 5  0 00000000 00000000 11111110 00000000 00000000 11111111
 4  0 00000000 00000000 11111110 00000000 00000000 11111111
 3  0 00000000 00000000 11111110 00000000 00000000 11111111
 2  0 00000000 00000000 11111110 00000000 00000000 11111111
 1  0 00000000 00000000 11111110 00000000 00000000 11111111
 0  0 00000000 00000000 11111110 00000000 00000000 11111111
10  0 00000000 00000000 11111100 00000000 00000000 11111110
 9  0 00000000 00000000 11111100 00000000 00000000 11111110
 8  0 00000000 00000000 11111100 00000000 00000000 11111110
 7  0 00000000 00000000 11111100 00000000 00000000 11111110
 6  0 00000000 00000000 11111100 00000000 00000000 11111110
 5  0 00000000 00000000 11111100 00000000 00000000 11111110
 4  0 00000000 00000000 11111100 00000000 00000000 11111110
 3  0 00000000 00000000 11111100 00000000 00000000 11111110
 2  0 00000000 00000000 11111100 00000000 00000000 11111110
 1  0 00000000 00000000 11111100 00000000 00000000 11111110
 0  0 00000000 00000000 11111100 00000000 00000000 11111110
10  0 00000000 00000000 11111000 00000000 00000000 11111100
 9  0 00000000 00000000 11111000 00000000 00000000 11111100
 8  0 00000000 00000000 11111000 00000000 00000000 11111100
 7  0 00000000 00000000 11111000 00000000 00000000 11111100
 6  0 00000000 00000000 11111000 00000000 00000000 11111100
 5  0 00000000 00000000 11111000 00000000 00000000 11111100
 4  0 00000000 00000000 11111000 00000000 00000000 11111100
 3  0 00000000 00000000 11111000 00000000 00000000 11111100
 2  0 00000000 00000000 11111000 00000000 00000000 11111100
 1  0 00000000 00000000 11111000 00000000 00000000 11111100
 0  0 00000000 00000000 11111000 00000000 00000000 11111100
10  0 00000000 00000000 11110000 00000000 00000000 11111000
 9  0 00000000 00000000 11110000 00000000 00000000 11111000
 8  0 00000000 00000000 11110000 00000000 00000000 11111000
 7  0 00000000 00000000 11110000 00000000 00000000 11111000
 6  0 00000000 00000000 11110000 00000000 00000000 11111000
 5  0 00000000 00000000 11110000 00000000 00000000 11111000
